0	0.6820399
0.02	0.6819701
0.04	0.6819093
0.06	0.68186
0.08	0.6818308
0.1	0.681807
0.12	0.6817991
0.14	0.6817991
0.16	0.6818161
0.18	0.6818442
0.2	0.6818812
0.22	0.6819299
0.24	0.6819909
0.26	0.6820636
0.28	0.6821468
0.3	0.6822362
0.32	0.6823411
0.34	0.6824502
0.36	0.68257
0.38	0.6827052
0.4	0.6828513
0.42	0.6830031
0.44	0.6831637
0.46	0.6833323
0.48	0.6835101
0.5	0.6837015
0.52	0.6839004
0.54	0.6841055
0.56	0.6843246
0.58	0.6845495
0.6	0.684786
0.62	0.6850321
0.64	0.6852874
0.66	0.685554
0.68	0.6858299
0.7	0.6861154
0.72	0.6864116
0.74	0.6867165
0.76	0.6870236
0.78	0.6873387
0.8	0.6876634
0.82	0.6879932
0.84	0.6883336
0.86	0.688675
0.88	0.6890248
0.9	0.6893774
0.92	0.6897351
0.94	0.6900988
0.96	0.6904619
0.98	0.6908339
1	0.6912138
1.02	0.6915988
1.04	0.6919783
1.06	0.6923667
1.08	0.6927606
1.1	0.6931605
1.12	0.6935639
1.14	0.693968
1.16	0.6943794
1.18	0.6947982
1.2	0.6952162
1.22	0.6956391
1.24	0.6960665
1.26	0.6965052
1.28	0.6969445
1.3	0.6973861
1.32	0.6978346
1.34	0.6982855
1.36	0.6987404
1.38	0.6992064
1.4	0.6996772
1.42	0.7001543
1.44	0.700632
1.46	0.7011133
1.48	0.7016028
1.5	0.7020946
1.52	0.7025914
1.54	0.7030926
1.56	0.7035941
1.58	0.7040909
1.6	0.7045971
1.62	0.7050977
1.64	0.7055929
1.66	0.7060897
1.68	0.7065868
1.7	0.7070765
1.72	0.7075596
1.74	0.7080271
1.76	0.708495
1.78	0.7089494
1.8	0.7093989
1.82	0.7098356
1.84	0.7102615
1.86	0.7106778
1.88	0.7110847
1.9	0.7114875
1.92	0.7118731
1.94	0.7122473
1.96	0.7126145
1.98	0.7129701
2	0.7133139
2.02	0.7136531
2.04	0.7139736
2.04	0.7139736
2.05	0.7141298
2.06	0.714289
2.08	0.7145959
2.1	0.7148861
2.12	0.7151692
2.14	0.7154434
2.16	0.7157154
2.18	0.7159751
2.2	0.7162299
2.22	0.7164707
2.24	0.7167132
2.26	0.7169493
2.28	0.717183
2.3	0.7174147
2.32	0.7176437
2.34	0.7178704
2.36	0.7180979
2.38	0.7183188
2.4	0.7185451
2.42	0.7187729
2.44	0.7189983
2.46	0.7192284
2.48	0.7194635
2.5	0.7196921
2.52	0.7199277
2.54	0.7201602
2.56	0.7203979
2.58	0.7206324
2.6	0.7208772
2.62	0.7211086
2.64	0.7213529
2.66	0.7215907
2.68	0.7218366
2.7	0.7220699
2.72	0.7223142
2.74	0.7225511
2.76	0.7227946
2.78	0.7230184
2.8	0.7232619
2.82	0.7234852
2.84	0.7237184
2.86	0.7239426
2.88	0.7241614
2.9	0.7243761
2.92	0.724586
2.94	0.7247881
2.96	0.7249829
2.98	0.7251762
3	0.7253583
3.02	0.7255309
3.04	0.7257001
3.06	0.7258715
3.06	0.7258715
3.08	0.7260275
3.1	0.7261732
3.12	0.7263199
3.14	0.7264599
3.16	0.7265957
3.18	0.7267202
3.2	0.7268387
3.22	0.7269523
3.24	0.727059
3.26	0.7271693
3.28	0.727264
3.3	0.7273487
3.32	0.7274368
3.34	0.7275171
3.36	0.7275988
3.38	0.7276792
3.4	0.7277589
3.42	0.727827
3.44	0.7278989
3.46	0.7279742
3.48	0.7280443
3.5	0.7281092
3.52	0.7281727
3.54	0.7282296
3.56	0.7282845
3.58	0.7283387
3.6	0.7283913
3.62	0.7284405
3.64	0.7284896
3.66	0.7285349
3.68	0.7285877
3.7	0.728633
3.72	0.7286769
3.74	0.7287216
3.76	0.7287721
3.78	0.7288113
3.8	0.7288547
3.82	0.7289066
3.84	0.7289516
3.86	0.7289981
3.88	0.729048
3.9	0.7290999
3.92	0.729157
3.94	0.7292064
3.96	0.729275
3.98	0.7293283
4	0.7293857
4.02	0.729441
4.04	0.7295019
4.06	0.7295542
4.08	0.7296079
4.1	0.7296583
4.12	0.7297053
4.14	0.7297391
4.16	0.729776
4.18	0.7298048
4.2	0.7298297
4.22	0.7298438
4.24	0.7298501
4.26	0.7298512
4.28	0.7298382
4.3	0.729822
4.32	0.7297961
4.34	0.7297637
4.36	0.7297102
4.38	0.7296585
4.4	0.729609
4.42	0.7295389
4.44	0.7294509
4.46	0.7293592
4.48	0.7292541
4.5	0.7291372
4.52	0.7290077
4.54	0.7288712
4.56	0.72872
4.58	0.7285667
4.6	0.7283934
4.62	0.7282191
4.64	0.7280338
4.66	0.7278366
4.68	0.7276258
4.7	0.7274163
4.72	0.727196
4.74	0.7269607
4.76	0.7267257
4.78	0.7264768
4.8	0.7262273
4.82	0.7259623
4.84	0.725699
4.86	0.7254227
4.88	0.7251427
4.9	0.724861
4.92	0.7245786
4.94	0.7242858
4.96	0.7239921
4.98	0.7236946
5	0.7233978
5.02	0.7230956
5.04	0.7227944
5.06	0.7224889
5.06	0.7224889
5.08	0.7221855
5.1	0.7218801
5.12	0.7215901
5.14	0.7212861
5.16	0.7209988
5.18	0.7207059
5.2	0.7204223
5.22	0.7201427
5.24	0.7198662
5.26	0.7196009
5.28	0.7193383
5.3	0.7190745
5.32	0.7188258
5.34	0.718573
5.36	0.7183297
5.38	0.7180921
5.4	0.7178487
5.42	0.7176156
5.44	0.7173856
5.46	0.7171612
5.48	0.7169401
5.5	0.7167258
5.52	0.7165158
5.54	0.7163146
5.56	0.7161099
5.58	0.7159142
5.6	0.7157217
5.62	0.7155399
5.64	0.7153561
5.66	0.7151792
5.68	0.7150086
5.7	0.7148376
5.72	0.7146732
5.74	0.7145044
5.76	0.7143524
5.78	0.7141917
5.8	0.7140363
5.82	0.7138819
5.84	0.7137319
5.86	0.7135823
5.88	0.7134349
5.9	0.7132879
5.92	0.7131487
5.94	0.7130014
5.96	0.7128623
5.98	0.7127202
6	0.7125797
6.02	0.712441
6.04	0.7123072
6.06	0.7121611
6.08	0.712019
6.1	0.7118789
6.12	0.71174
6.14	0.7115952
6.16	0.7114516
6.18	0.7113051
6.2	0.7111483
6.22	0.7109934
6.24	0.7108384
6.26	0.7106701
6.28	0.7105011
6.3	0.7103217
6.32	0.7101433
6.34	0.7099614
6.36	0.7097707
6.38	0.7095742
6.4	0.7093761
6.42	0.7091733
6.44	0.7089689
6.46	0.7087564
6.48	0.7085432
6.5	0.7083224
6.52	0.7081037
6.54	0.707877
6.56	0.7076469
6.58	0.7074084
6.6	0.7071744
6.62	0.7069397
6.64	0.7067006
6.66	0.7064555
6.68	0.7062152
6.7	0.7059788
6.72	0.7057391
6.74	0.7054975
6.76	0.7052684
6.78	0.7050318
6.8	0.7048056
6.82	0.7045795
6.84	0.7043571
6.86	0.7041427
6.88	0.7039327
6.9	0.7037215
6.92	0.7035289
6.94	0.7033312
6.96	0.7031429
6.98	0.7029594
7	0.7027726
7.02	0.7025958
7.04	0.7024295
7.06	0.7022629
7.08	0.7020991
7.1	0.7019359
7.12	0.7017818
7.14	0.7016298
7.16	0.7014785
7.18	0.7013323
7.2	0.7011794
7.22	0.7010367
7.24	0.7008922
7.26	0.7007428
7.28	0.7005987
7.3	0.7004468
7.32	0.7003033
7.34	0.7001549
7.36	0.700004
7.38	0.6998518
7.4	0.6996982
7.42	0.6995465
7.44	0.6993947
7.46	0.6992334
7.48	0.6990789
7.5	0.6989221
7.52	0.6987705
7.54	0.6986302
7.56	0.6984804
7.58	0.6983153
7.6	0.6981636
7.62	0.6980088
7.64	0.6978443
7.66	0.6976841
7.68	0.6975268
7.7	0.6973555
7.72	0.6971852
7.74	0.697017
7.76	0.6968444
7.78	0.696672
7.8	0.6964946
7.82	0.6963124
7.84	0.6961314
7.86	0.6959352
7.88	0.6957433
7.9	0.695546
7.92	0.695349
7.94	0.6951252
7.96	0.6949121
7.98	0.694688
8	0.6944548
8.02	0.6942201
8.04	0.69397
8.06	0.6937298
8.08	0.6934679
8.1	0.6932065
8.12	0.6929442
8.14	0.6926692
8.16	0.6924045
8.18	0.6921286
8.2	0.691846
8.22	0.6915651
8.24	0.6912726
8.26	0.6909861
8.28	0.6906903
8.3	0.6903939
8.32	0.6900931
8.34	0.6897914
8.36	0.6894886
8.38	0.6891775
8.4	0.688867
8.42	0.6885563
8.44	0.6882516
8.46	0.6879511
8.48	0.687641
8.5	0.6873378
8.52	0.6870453
8.54	0.6867521
8.56	0.6864628
8.58	0.6861685
8.6	0.6858874
8.62	0.6856074
8.64	0.6853394
8.66	0.6850671
8.68	0.6848065
8.7	0.6845499
8.72	0.6842982
8.74	0.6840553
8.76	0.683817
8.78	0.6835868
8.8	0.6833652
8.82	0.6831509
8.84	0.6829386
8.86	0.6827322
8.88	0.6825382
8.9	0.6823512
8.92	0.6821715
8.94	0.6819994
8.96	0.6818358
8.98	0.6816841
9	0.6815317
9.02	0.6813975
9.04	0.6812673
9.06	0.681143
9.08	0.6810275
9.1	0.6809231
9.12	0.6808234
9.14	0.6807294
9.16	0.6806346
9.18	0.6805488
9.2	0.6804659
9.22	0.6803883
9.24	0.6803091
9.26	0.6802407
9.28	0.6801734
9.3	0.680102
9.32	0.6800345
9.34	0.6799647
9.36	0.6799055
9.38	0.6798446
9.4	0.6797992
9.42	0.6797473
9.44	0.6797031
9.46	0.6796647
9.48	0.6796227
9.5	0.6795806
9.52	0.6795391
9.54	0.6795098
9.56	0.6794732
9.58	0.6794413
9.6	0.6794164
9.62	0.679388
9.64	0.6793651
9.66	0.6793449
9.68	0.6793255
9.7	0.6793129
9.72	0.6793023
9.74	0.6792929
9.76	0.6792907
9.78	0.679294
9.8	0.6793069
9.82	0.6793151
9.84	0.679337
9.86	0.6793655
9.88	0.6793857
9.9	0.6794144
9.92	0.6794494
9.94	0.6794759
9.96	0.6795139
9.98	0.6795458
10	0.6795853